#Parameters = {L=6; Pin=1; a=20; b=10; blendFmax=0.02; blendradius=2.85; blendraduis=2.8456603219661; d=5; phi=360; realphi=0; s=4; ta=16.03; tb=10.61; theta=0; totaltime=10; trh=1.69; wr=11.49; wt=0.91}
#"Length / mm"	"axis_e-field (f=8) (1) (realphi=0) [Real Part]"
#--------------------------------------------------------------
0.0000000000000	0.013165905893236
0.088046073913574	0.030422322245090
0.17609214782715	0.058498798831671
0.26413822174072	0.088008057046631
0.35218429565430	0.11824576540939
0.44022941589355	0.14907319547635
0.52827548980713	0.18045245645586
0.61632156372070	0.21237298399873
0.70436763763428	0.24483501168603
0.79241371154785	0.28365626361535
0.88045978546143	0.35141328729532
0.96850585937500	0.37707467450290
1.0565519332886	0.40346574449208
1.1445980072021	0.43056408788929
1.2326431274414	0.45835228371133
1.3206892013550	0.48681789287238
1.4087352752686	0.51450632883623
1.4967813491821	0.54150573393065
1.5848274230957	0.56907685083878
1.6728734970093	0.59775067792483
1.7609195709229	0.62824627925980
1.8489656448364	0.66141438199834
1.9370117187500	0.69817855492477
2.0250568389893	0.73936014186593
2.1131038665771	0.79773506015035
2.2011489868164	0.89006699302649
2.2891950607300	1.0300924347286
2.3772411346436	1.2276428231593
2.4652872085571	1.4871367996735
2.5533332824707	1.8091419282018
2.6413793563843	2.1925013152798
2.7294254302979	2.6356530584893
2.8174705505371	3.2731563361168
2.9055175781250	4.6863801611047
2.9935626983643	6.9595848569800
3.0816087722778	10.095265195579
3.1696548461914	14.090355258743
3.2577009201050	18.942240613517
3.3457469940186	24.649305756674
3.4337930679321	31.210596277577
3.5218386650085	40.349524904675
3.6098847389221	51.238433376949
3.6979308128357	62.810209475291
3.7859764099121	75.064093531346
3.8740224838257	87.999908047374
3.9620685577393	101.61744465688
4.0501146316528	115.91663108776
4.1381607055664	130.86871652093
4.2262067794800	146.27130374205
4.3142523765564	161.59052174493
4.4022984504700	176.81936634781
4.4903445243835	192.01748715530
4.5783905982971	207.18491029252
4.6664361953735	222.32152705763
4.7544822692871	237.42750510320
4.8425283432007	252.50278439143
4.9305744171143	267.56537102078
5.0186204910278	282.64601857900
5.1066660881042	297.66867850752
5.1947121620178	312.63346488121
5.2827582359314	327.54040633130
5.3708043098450	342.38938367243
5.4588499069214	357.18037305221
5.5468959808350	371.91353675908
5.6349420547485	386.36582531015
5.7229881286621	400.53839276546
5.8110342025757	414.58547682889
5.8990797996521	428.51480086538
5.9871258735657	442.32645581894
6.0751719474792	456.02032050170
6.1632180213928	469.59645810534
6.2512636184692	483.05474981469
6.3393096923828	496.58630560602
6.4273557662964	510.20687031492
6.5154018402100	523.81433331552
6.6034479141235	537.40879825048
6.6914935112000	550.66802212160
6.7795395851135	563.56977246429
6.8675856590271	576.33758634935
6.9556317329407	589.35417906048
7.0436773300171	602.43854779357
7.1317234039307	615.40708140351
7.2197694778442	627.66070092267
7.3078155517578	639.59229520510
7.3958616256714	651.41634784794
7.4839072227478	663.13252341957
7.5719532966614	674.74105720101
7.6599993705750	686.20472711530
7.7480454444885	697.59895735385
7.8360915184021	709.01702261227
7.9241371154785	720.32590500196
8.0121831893921	731.52590713391
8.1002292633057	742.61702716873
8.1882753372192	753.59914186514
8.2763214111328	764.47243377610
8.3643674850464	775.23659774710
8.4524135589600	785.89193950936
8.5404586791992	796.43815494122
8.6285047531128	806.54683666650
8.7165508270264	815.85219846849
8.8045969009399	824.97239804694
8.8926429748535	833.86883689481
8.9806890487671	842.56562012015
9.0687351226807	851.07758219454
9.1567811965942	859.40490613520
9.2448272705078	867.54734921708
9.3328723907471	875.50503636322
9.4209184646606	883.27803283692
9.5089645385742	890.86628315491
9.5970106124878	897.87421816361
9.6850566864014	904.39010005674
9.7731027603149	910.74284398431
9.8611488342285	916.88564655532
9.9491949081421	922.70007784331
10.037240982056	928.35308824549
10.125286102295	933.84462575768
10.213332176208	939.00009196847
10.301378250122	943.31078046859
10.389424324036	947.07053477170
10.477470397949	950.59405318302
10.565516471863	953.85383708250
10.653562545776	956.93656844047
10.741608619690	959.84260891350
10.829654693604	962.58639434818
10.917699813843	964.60373848116
11.005745887756	966.41476433120
11.093791961670	968.05439732363
11.181838035583	969.52255543387
11.269884109497	970.81921913892
11.357930183411	971.94437033189
11.445976257324	972.26500770026
11.534022331238	972.08318849354
11.622068405151	971.78485300083
11.710113525391	971.36983906999
11.798159599304	970.61285502810
11.886205673218	969.14757210379
11.974251747131	967.50197182890
12.062297821045	965.61138783811
12.150343894958	963.53369592363
12.238389968872	960.70554413776
12.326436042786	957.13120668176
12.414482116699	953.39139612395
12.502527236938	949.48704684524
12.590573310852	945.41504594478
12.678619384766	941.14956676134
12.766665458679	936.71733976335
12.854711532593	932.11826705559
12.942757606506	927.35243823944
13.030803680420	922.41970322550
13.118849754333	917.32003849769
13.206895828247	911.36027194854
13.294940948486	904.77919515390
13.382987022400	897.83509058409
13.471033096313	890.68932329883
13.559079170227	883.34180067113
13.647125244141	875.79249730717
13.735171318054	867.98737634614
13.823217391968	859.91428117272
13.911263465881	851.37236561430
13.999309539795	842.51184432567
14.087354660034	833.47077791968
14.175400733948	824.19282692967
14.263446807861	814.75218039818
14.351492881775	805.14912747714
14.439538955688	795.38353274577
14.527585029602	785.45823007808
14.615631103516	774.93526680692
14.703677177429	764.27954063800
14.791723251343	753.54248224991
14.879769325256	742.72428985942
14.967814445496	731.82522685796
15.055860519409	720.84488971543
15.143906593323	709.78336802016
15.231952667236	698.57127458807
15.319998741150	686.81716805915
15.408044815063	675.03112654675
15.496090888977	663.21315516735
15.584136962891	651.33704758645
15.672183036804	639.42166616699
15.760228157043	627.36843577047
15.848274230957	614.76698819532
15.936320304871	601.79544582453
16.024366378784	588.85089596224
16.112411499023	575.93354570515
16.200458526611	562.73180162431
16.288503646851	549.37027158940
16.376550674438	536.11992670921
16.464595794678	523.02985414469
16.552642822266	509.87070895015
16.640687942505	496.64310575929
16.728734970093	483.24781849331
16.816780090332	469.64858706079
16.904827117920	455.95606415105
16.992872238159	442.17088845187
17.080917358398	428.29284407197
17.168964385986	414.32410567634
17.257009506226	399.97520637684
17.345056533813	385.58162504019
17.433101654053	371.28601016610
17.521148681641	356.92969674482
17.609193801880	342.22170905017
17.697240829468	327.43446432907
17.785285949707	312.56855583885
17.873331069946	297.62363128422
17.961378097534	282.59936951575
18.049423217773	267.49636566515
18.137470245361	252.35897323447
18.225515365601	237.25623088929
18.313562393188	222.13136461212
18.401607513428	206.98504605333
18.489654541016	191.81674161064
18.577699661255	176.62710809225
18.665744781494	161.41584133654
18.753791809082	146.18260717627
18.841836929321	130.86940179763
18.929883956909	115.95392892940
19.017929077148	101.67192866600
19.105976104736	88.022846626903
19.194021224976	75.007425521830
19.282068252563	62.625301359964
19.370113372803	50.877368941849
19.458158493042	39.764093827020
19.546205520630	31.148761620937
19.634250640869	23.846039678820
19.722297668457	17.760093340817
19.810342788696	12.892556273900
19.898389816284	9.2438138595732
19.986434936523	7.0312474976316
20.074481964111	5.6085284812439
20.162527084351	4.3897401195967
20.250572204590	3.3776182339406
20.338619232178	2.5775146845442
20.426664352417	1.9964637957759
20.514711380005	1.6617018869962
20.602756500244	1.4690385182082
20.690803527832	1.3513867847262
20.778848648071	1.2294585489035
20.866895675659	1.1232341058942
20.954940795898	1.0305299308255
21.042985916138	0.94500735750742
21.131032943726	0.89162653737504
21.219078063965	0.85527511938140
21.307125091553	0.82020023749553
21.395170211792	0.78573537926691
21.483217239380	0.75165993577875
21.571262359619	0.71831319851923
21.659309387207	0.67933558771113
21.747354507446	0.63702123588949
21.835399627686	0.59573097635604
21.923446655273	0.55554223793859
22.011491775513	0.51660875280038
22.099538803101	0.47918181830494
22.187583923340	0.44365274200668
22.275630950928	0.39815168376021
22.363676071167	0.33848084770326
22.451723098755	0.24317129723979
22.539768218994	0.20520863708812
22.627813339233	0.16626008236350
22.715860366821	0.12626298120736
22.803905487061	0.085172870495236
22.891952514648	0.043017697763669
22.979999542236	0.0000000000000
#Parameters = {L=6; Pin=1; a=20; b=10; blendFmax=0.02; blendradius=2.85; blendraduis=2.8456603219661; d=5; phi=360; realphi=0; s=4; ta=16.03; tb=10.61; theta=3; totaltime=10; trh=1.69; wr=11.49; wt=0.91}
#"Length / mm"	"axis_e-field (f=8) (1) (realphi=0) [Real Part]"
#--------------------------------------------------------------
0.0000000000000	0.0000000000000
0.091190338134766	28.559418005410
0.18238067626953	57.408466144152
0.27357101440430	86.314950356536
0.36476230621338	115.27909920676
0.45595264434814	144.30006946050
0.54714298248291	173.30682423523
0.63833332061768	202.16675130645
0.72952365875244	230.91396047125
0.82071399688721	259.42986567700
0.91190528869629	287.75106887144
1.0030956268311	315.93547283240
1.0942859649658	343.57219780699
1.1854763031006	370.57744973042
1.2766666412354	397.06572099990
1.3678569793701	423.25894897536
1.4590473175049	448.94253772702
1.5502376556396	474.28829610723
1.6414289474487	499.32722029400
1.7326192855835	522.37077115083
1.8238096237183	544.65721456545
1.9149999618530	566.31950351564
2.0061902999878	587.35776643887
2.0973815917969	607.77213389288
2.1885719299316	627.54973978233
2.2797622680664	646.69945620045
2.3709526062012	665.22549812992
2.4621429443359	681.59142895187
2.5533332824707	696.19141064030
2.6445236206055	709.62491094958
2.7357139587402	721.98905869601
2.8269042968750	733.59798959872
2.9180955886841	744.30855159757
3.0092859268188	752.90836784902
3.1004762649536	755.68827499311
3.1916666030884	786.79443459761
3.2828569412231	803.51361329996
3.3740482330322	804.75387311435
3.4652385711670	790.59442334346
3.5564289093018	652.16489625242
3.6476192474365	511.07767216880
3.7388095855713	382.47682324247
3.8299999237061	268.48651055034
3.9211907386780	217.00006203155
4.0123810768127	190.20189629016
4.1035714149475	186.00394441005
4.1947622299194	184.37810545321
4.2859525680542	185.66193170819
4.3771429061890	190.07131598533
4.4683337211609	198.28505222864
4.5595240592957	208.25718626426
4.6507143974304	221.53847018747
4.7419047355652	235.71487881805
4.8330955505371	250.31561804851
4.9242858886719	265.18594825664
5.0154762268066	280.20591404295
5.1066670417786	295.35553582336
5.1978573799133	310.46637853042
5.2890477180481	325.53544690819
5.3802385330200	340.56003922230
5.4714288711548	355.53795412637
5.5626192092896	370.46754259844
5.6538095474243	385.25018546402
5.7450003623962	399.58018122671
5.8361907005310	413.78568368798
5.9273810386658	427.86606467221
6.0185718536377	441.82077650259
6.1097621917725	455.64902761055
6.2009525299072	469.35049825040
6.2921428680420	483.09633585419
6.3833336830139	497.03902596065
6.4745240211487	510.99885922668
6.5657143592834	524.92114873456
6.6569051742554	538.26877320065
6.7480955123901	551.47536047547
6.8392858505249	564.58583477352
6.9304766654968	577.66878720205
7.0216670036316	590.67266453487
7.1128573417664	603.33097905696
7.2040476799011	615.84672876967
7.2952384948730	628.23876893075
7.3864288330078	640.50163535655
7.4776191711426	652.64452469507
7.5688099861145	664.73332787257
7.6600003242493	676.79604076223
7.7511906623840	688.73617384904
7.8423814773560	700.55823740454
7.9335718154907	712.26196776085
8.0247621536255	723.63152077681
8.1159524917603	734.56595259667
8.2071428298950	745.37000088039
8.2983341217041	756.04387468470
8.3895244598389	766.58890508986
8.4807147979736	776.55665521192
8.5719051361084	786.32835481070
8.6630954742432	796.01617281617
8.7542858123779	805.61068462951
8.8454761505127	814.88501331034
8.9366674423218	824.02268547026
9.0278577804565	833.00647732708
9.1190481185913	841.81175859535
9.2102384567261	850.43849553713
9.3014287948608	858.88644662605
9.3926191329956	867.15552644247
9.4838094711304	874.91965886425
9.5750007629395	882.09916093328
9.6661911010742	888.48577199887
9.7573814392090	894.68893180856
9.8485717773438	900.70880102400
9.9397621154785	906.54493454741
10.030952453613	912.19780574482
10.122142791748	917.44309278411
10.213334083557	922.42477983085
10.304524421692	927.10607330561
10.395714759827	931.31227301430
10.486905097961	935.31554363401
10.578095436096	939.11571843035
10.669285774231	942.71293729093
10.760477066040	946.10734067901
10.851667404175	949.29870460753
10.942857742310	952.18211391881
11.034048080444	953.99775424811
11.125238418579	955.49771523086
11.216428756714	956.69077551509
11.307619094849	957.15369505818
11.398810386658	957.43124705346
11.490000724792	957.52277307033
11.581191062927	957.42853117898
11.672381401062	957.14847464566
11.763571739197	956.68255839474
11.854762077332	956.03098292238
11.945952415466	954.79454453064
12.037143707275	952.31444885935
12.128334045410	949.39725245162
12.219524383545	946.30401125192
12.310714721680	943.03481825996
12.401905059814	939.58958507081
12.493095397949	935.96841148196
12.584285736084	931.79279840674
12.675477027893	927.36075093225
12.766667366028	922.64896477801
12.857857704163	917.50402015306
12.949048042297	912.18306181871
13.040238380432	906.68674790315
13.131428718567	901.01315881685
13.222620010376	895.16214879611
13.313810348511	889.13406850303
13.405000686646	882.90193148580
13.496191024780	875.63852724930
13.587381362915	867.88589602712
13.678571701050	860.00186143957
13.769762039185	851.75088928821
13.860953330994	842.96571231310
13.952143669128	834.05599893821
14.043334007263	825.02175623039
14.134524345398	815.88896509206
14.225714683533	806.66090971848
14.316905021667	797.29676132840
14.408095359802	787.18377387732
14.499286651611	776.61488294017
14.590476989746	765.98937820474
14.681667327881	755.31310476025
14.772857666016	744.81019947523
14.864048004150	734.12321026102
14.955238342285	723.25122481225
15.046428680420	711.65502451493
15.137619972229	699.97618393885
15.228810310364	688.22645681439
15.320000648499	676.50946436674
15.411190986633	664.87013250259
15.502381324768	653.11626900483
15.593571662903	641.24776022744
15.684762954712	629.26443650387
15.775953292847	616.96562167299
15.867143630981	604.22454583919
15.958333969116	591.32986240266
16.049524307251	578.28145676942
16.140714645386	565.07928203237
16.231904983521	551.72342092779
16.323095321655	538.21378179370
16.414285659790	524.71065791304
16.505475997925	511.14993672967
16.596668243408	497.51414505933
16.687858581543	483.80393002165
16.779048919678	470.01926510555
16.870239257812	456.16055450645
16.961429595947	442.22787621320
17.052619934082	428.13107115730
17.143810272217	413.81688301227
17.235000610352	399.28208130436
17.326190948486	384.64339651047
17.417381286621	369.90084917897
17.508571624756	355.05441627104
17.599761962891	340.14757398457
17.690952301025	325.31816146963
17.782142639160	310.28591292596
17.873334884644	295.19824714980
17.964525222778	280.09869276197
18.055715560913	264.98928450391
18.146905899048	250.03640492915
18.238096237183	235.36595339330
18.329286575317	221.21585162049
18.420476913452	207.85041612945
18.511667251587	196.86672616059
18.602857589722	189.40789492368
18.694047927856	186.10460686935
18.785238265991	187.96503069085
18.876428604126	192.35813348880
18.967618942261	198.14608680774
19.058811187744	217.73976226431
19.150001525879	264.89879955107
19.241191864014	372.31681849149
19.332382202148	505.36839461873
19.423572540283	650.65565704043
19.514762878418	792.55264224844
19.605953216553	807.25427049600
19.697143554688	807.13693420183
19.788333892822	792.15656262476
19.879524230957	762.29114496229
19.970714569092	752.08166092190
20.061904907227	744.23965197770
20.153095245361	735.05150565606
20.244285583496	724.66070133663
20.335477828979	712.94704443392
20.426668167114	699.46136991726
20.517858505249	684.20217495430
20.609048843384	666.99370607511
20.700239181519	648.53263634505
20.791429519653	629.43406557461
20.882619857788	609.67824570022
20.973810195923	589.26726232536
21.065000534058	568.25495652776
21.156190872192	546.64150396301
21.247381210327	524.30536326812
21.338571548462	500.26509190668
21.429761886597	475.70254245295
21.520954132080	450.62040245850
21.612144470215	424.96732835207
21.703334808350	398.48637151074
21.794525146484	371.66262854704
21.885715484619	344.49616076749
21.976905822754	316.98690709713
22.068096160889	289.13486774375
22.159286499023	260.86720116608
22.250476837158	231.89200725880
22.341667175293	202.91373197927
22.432857513428	173.92563261874
22.524047851562	144.92770900167
22.615238189697	115.92000694514
22.706428527832	86.902472982433
22.797620773315	57.874549416025
22.888811111450	28.837415007655
22.979999542236	0.20907610133403
#Parameters = {L=6; Pin=1; a=20; b=10; blendFmax=0.02; blendradius=2.85; blendraduis=2.8456603219661; d=5; phi=405; realphi=45; s=4; ta=16.03; tb=10.61; theta=3; totaltime=10; trh=1.69; wr=11.49; wt=0.91}
#"Length / mm"	"axis_e-field (f=8) (1) (realphi=45) [Real Part]"
#---------------------------------------------------------------
0.0000000000000	1.5582974201827
0.097373008728027	21.507726875815
0.19474601745605	41.480179402978
0.29211902618408	61.469819985685
0.38949108123779	81.476053214838
0.48686408996582	101.49919398887
0.58423709869385	121.53904823360
0.68161010742188	141.59556470170
0.77898311614990	161.47059199874
0.87635612487793	181.09087741149
0.97372913360596	200.52957849892
1.0711021423340	219.78669076453
1.1684741973877	238.86202874854
1.2658472061157	257.75598917017
1.3632202148438	276.09393346617
1.4605932235718	293.85774690453
1.5579662322998	310.77538006432
1.6553392410278	327.34092213267
1.7527122497559	343.55442613615
1.8500843048096	359.41573490388
1.9474573135376	374.92527444336
2.0448303222656	389.57330564403
2.1422033309937	403.39435938337
2.2395763397217	415.75766715799
2.3369493484497	427.50996135920
2.4343223571777	438.79982588162
2.5316944122314	449.62734528364
2.6290683746338	459.99279912468
2.7264404296875	469.45373935026
2.8238134384155	476.98911282288
2.9211864471436	484.44601151104
3.0185594558716	497.22719651949
3.1159324645996	509.63330624307
3.2133045196533	522.48595624289
3.3106784820557	538.81856332816
3.4080505371094	523.62880327228
3.5054235458374	482.91136861176
3.6027965545654	446.72807555392
3.7001695632935	354.10319814508
3.7975425720215	267.08612592839
3.8949155807495	184.44437824346
3.9922881126404	125.38061939805
4.0896611213684	129.57126075848
4.1870341300964	144.44474949557
4.2844066619873	161.27832030088
4.3817796707153	178.49562647470
4.4791526794434	195.23132359691
4.5765256881714	211.74869656326
4.6738982200623	227.96558242685
4.7712712287903	244.47978720647
4.8686442375183	261.59249366259
4.9660167694092	278.55794505268
5.0633897781372	295.46021700158
5.1607627868652	312.15452325954
5.2581357955933	328.78043838588
5.3555083274841	345.13659239769
5.4528813362122	361.35266048894
5.5502543449402	377.63659515436
5.6476273536682	393.83071285217
5.7449998855591	409.93416339943
5.8423728942871	425.85284478802
5.9397459030151	441.64815639493
6.0371189117432	457.28313509371
6.1344914436340	472.77255769935
6.2318644523621	488.18333915336
6.3292374610901	503.43598272239
6.4266099929810	518.51925567592
6.5239830017090	533.70998564862
6.6213560104370	548.42177523146
6.7187290191650	562.96410106157
6.8161015510559	577.38430304819
6.9134745597839	591.78191385001
7.0108475685120	606.01195033137
7.1082205772400	620.05001036382
7.2055931091309	633.89582207876
7.3029661178589	647.54966709845
7.4003391265869	660.84500887594
7.4977121353149	673.85826609911
7.5950846672058	686.78860542304
7.6924576759338	699.98531826943
7.7898306846619	712.97853377166
7.8872032165527	725.76791343588
7.9845762252808	738.30980365369
8.0819492340088	750.33427465425
8.1793222427368	761.86924049650
8.2766952514648	773.36088439341
8.3740682601929	784.65709218742
8.4714403152466	795.73957809690
8.5688133239746	806.60890922628
8.6661863327026	817.26468390492
8.7635593414307	827.70705666653
8.8609323501587	837.47104583399
8.9583053588867	846.86723436213
9.0556783676147	855.99077287331
9.1530513763428	864.90429485991
9.2504234313965	873.60780244358
9.3477964401245	882.10149207498
9.4451694488525	890.38520515692
9.5425424575806	898.39291480853
9.6399154663086	905.24801532414
9.7372884750366	911.75576061556
9.8346614837646	918.04226101155
9.9320335388184	924.10763997509
10.029406547546	929.95196920403
10.126779556274	935.57526809487
10.224152565002	940.97756443822
10.321525573730	945.85281947686
10.418898582458	949.41423707053
10.516271591187	952.70476759877
10.613644599915	955.77018064249
10.711016654968	958.61067219919
10.808389663696	961.22607314939
10.905762672424	963.61645940177
11.003135681152	965.78215215159
11.100508689880	967.58198690893
11.197881698608	967.81559784932
11.295254707336	967.80979810438
11.392626762390	967.53574169940
11.489999771118	967.03606930850
11.587372779846	966.30954639322
11.684745788574	965.35522770435
11.782118797302	964.15116118578
11.879491806030	962.53660581774
11.976864814758	959.45918116441
12.074237823486	956.15944348877
12.171609878540	952.63751193592
12.268982887268	948.89326297408
12.366355895996	944.92694185662
12.463728904724	940.73830706566
12.561101913452	936.32748588915
12.658474922180	931.51474728356
12.755847930908	925.51832980580
12.853219985962	919.20506974874
12.950592994690	912.67893351429
13.047966003418	905.93966319702
13.145339012146	898.98755567367
13.242712020874	891.82224240012
13.340085029602	884.44409365754
13.437458038330	876.41682294505
13.534831047058	867.49358393458
13.632203102112	858.64735885377
13.729576110840	849.62542808530
13.826949119568	840.42772747496
13.924322128296	831.05420263065
14.021695137024	821.50499330052
14.119068145752	811.67346598246
14.216441154480	800.90057119042
14.313813209534	790.08399909999
14.411186218262	779.21804588331
14.508559226990	768.12924634917
14.605932235718	756.81767502840
14.703305244446	745.23959514679
14.800678253174	733.34009284097
14.898051261902	721.49035582480
14.995424270630	709.13799660783
15.092796325684	696.72991534755
15.190169334412	684.26144838211
15.287542343140	671.67055109775
15.384915351868	658.97018971147
15.482288360596	646.01953006122
15.579661369324	632.82153261516
15.677034378052	619.49227889438
15.774406433105	606.19032619180
15.871779441833	592.80624384752
15.969152450562	579.27684552332
16.066526412964	565.60227403396
16.163898468018	551.78304849328
16.261270523071	537.24021662128
16.358644485474	522.55731471279
16.456016540527	507.97151129550
16.553390502930	493.72052465777
16.650762557983	479.40174985259
16.748136520386	464.88920124420
16.845508575439	450.29251863584
16.942880630493	435.40590010470
17.040254592896	420.28163546617
17.137626647949	404.73299799224
17.235000610352	389.22097448015
17.332372665405	373.84327247562
17.429746627808	358.40878074919
17.527118682861	342.91961826640
17.624490737915	327.27238647230
17.721864700317	311.49254512742
17.819236755371	295.65911958181
17.916610717773	279.74958412883
18.013982772827	264.07517540162
18.111356735229	248.50746752693
18.208728790283	232.89213928562
18.306102752686	217.83713381305
18.403474807739	203.97349156625
18.500846862793	189.61175497470
18.598220825195	175.14211296112
18.695592880249	159.68345011001
18.792966842651	143.33247106814
18.890338897705	128.29822158180
18.987712860107	139.54533508707
19.085084915161	207.03499390109
19.182456970215	285.55852230610
19.279830932617	368.07850405439
19.377202987671	455.90000320258
19.474576950073	483.35166951519
19.571949005127	518.63108008878
19.669322967529	529.30475825500
19.766695022583	509.74797221784
19.864067077637	493.41942952878
19.961441040039	478.77434162413
20.058813095093	464.31885360545
20.156187057495	453.76542245831
20.253559112549	446.23744459948
20.350933074951	437.21802754022
20.448305130005	427.10297626364
20.545677185059	416.58215319747
20.643051147461	405.65511955315
20.740423202515	394.32222002167
20.837797164917	382.33579748123
20.935169219971	369.22546749404
21.032543182373	355.32107102719
21.129915237427	340.64765611293
21.227289199829	325.63036325586
21.324661254883	310.26972405898
21.422033309937	294.56550621364
21.519407272339	278.51735642567
21.616779327393	261.69919774798
21.714153289795	244.32001593672
21.811525344849	226.40695949642
21.908899307251	208.32190752500
22.006271362305	190.06563978486
22.103643417358	171.63774492874
22.201017379761	153.03790441491
22.298389434814	134.21424827165
22.395763397217	115.21637761030
22.493135452271	96.228541513666
22.590509414673	77.249981722547
22.687881469727	58.281470561887
22.785253524780	39.322690779403
22.882627487183	20.373611042973
22.979999542236	1.4444592549749
#Parameters = {L=6; Pin=1; a=20; b=10; blendFmax=0.02; blendradius=2.85; blendraduis=2.8456603219661; d=5; phi=450; realphi=90; s=4; ta=16.03; tb=10.61; theta=3; totaltime=10; trh=1.69; wr=11.49; wt=0.91}
#"Length / mm"	"axis_e-field (f=8) (1) (realphi=90) [Real Part]"
#---------------------------------------------------------------
0.0000000000000	0.0000000000000
0.10493183135986	0.0000000000000
0.20986270904541	0.0000000000000
0.31479454040527	0.0000000000000
0.41972637176514	0.0000000000000
0.52465724945068	0.0000000000000
0.62958908081055	0.0000000000000
0.73452091217041	0.0000000000000
0.83945178985596	0.0000000000000
0.94438362121582	0.0000000000000
1.0493144989014	0.0000000000000
1.1542463302612	0.0000000000000
1.2591781616211	0.0000000000000
1.3641090393066	0.0000000000000
1.4690408706665	0.0000000000000
1.5739727020264	0.0000000000000
1.6789035797119	0.0000000000000
1.7838354110718	0.0000000000000
1.8887672424316	0.0000000000000
1.9936981201172	0.0000000000000
2.0986299514771	0.0000000000000
2.2035617828369	0.0000000000000
2.3084926605225	0.0000000000000
2.4134244918823	0.0000000000000
2.5183563232422	0.0000000000000
2.6232872009277	0.0000000000000
2.7282190322876	0.0000000000000
2.8331508636475	1.9900204654363
2.9380817413330	2.0590016431659
3.0430135726929	2.0388182274981
3.1479454040527	2.1264505744944
3.2528762817383	2.6669528376473
3.3578081130981	3.8309224478555
3.4627399444580	7.6245045439913
3.5676708221436	24.536815594839
3.6726026535034	45.179256186663
3.7775340080261	65.381645282791
3.8824653625488	85.118374868665
3.9873971939087	104.38449743199
4.0923285484314	123.17869261883
4.1972599029541	142.04827968851
4.3021917343140	161.01149211555
4.4071230888367	179.88155310791
4.5120544433594	198.65846722261
4.6169862747192	217.34238699984
4.7219176292419	236.10964967574
4.8268489837646	255.24006782837
4.9317808151245	274.63732202670
5.0367121696472	293.78898838084
5.1416435241699	312.36917568907
5.2465753555298	330.30327866067
5.3515067100525	348.03795362812
5.4564380645752	365.65727803573
5.5613698959351	383.16140039140
5.6663012504578	400.60636105316
5.7712326049805	417.95267794727
5.8761644363403	435.16337061758
5.9810957908630	452.23839243761
6.0860271453857	469.35638254289
6.1909584999084	486.63100498875
6.2958903312683	503.77556242820
6.4008216857910	520.89032677610
6.5057530403137	537.86611360374
6.6106848716736	554.46588602345
6.7156162261963	570.05691948576
6.8205475807190	585.34909343970
6.9254794120789	600.49800965859
7.0304107666016	615.62487342001
7.1353421211243	630.84683216993
7.2402739524841	645.94192470791
7.3452053070068	660.83849806039
7.4501366615295	675.65728981711
7.5550680160522	690.25613318250
7.6599998474121	704.63516016287
7.7649312019348	718.49652469678
7.8698625564575	731.61612909317
7.9747943878174	744.56722472715
8.0797262191772	757.37229248333
8.1846570968628	770.03129521669
8.2895889282227	782.85546790833
8.3945198059082	795.70481464075
8.4994516372681	808.39988143412
8.6043834686279	820.85455096193
8.7093143463135	831.85623154928
8.8142461776733	842.01061916400
8.9191780090332	852.12222160666
9.0241088867188	862.19290533418
9.1290407180786	872.01971442860
9.2339725494385	881.60233922358
9.3389034271240	890.94059435206
9.4438352584839	899.98650924523
9.5487670898438	907.78317255714
9.6536979675293	915.08099865758
9.7586297988892	922.11890734976
9.8635616302490	928.90083778927
9.9684925079346	935.40830437313
10.073424339294	941.34650694112
10.178356170654	947.03568149134
10.283287048340	952.00455320018
10.388218879700	956.10851579929
10.493150711060	959.84565170934
10.598081588745	963.13605486670
10.703013420105	965.97005318986
10.807945251465	968.05430734506
10.912876129150	969.82913964036
11.017807960510	971.34431381477
11.122739791870	972.33723710199
11.227670669556	972.80212639913
11.332602500916	973.02910918013
11.437534332275	972.95825185784
11.542465209961	971.62100684910
11.647397041321	970.03345981859
11.752328872681	968.10893363766
11.857259750366	965.61987851041
11.962191581726	962.80879847769
12.067122459412	959.69633290949
12.172054290771	955.13891357069
12.276986122131	950.59694472355
12.381916999817	946.01205224062
12.486848831177	940.80841646911
12.591780662537	935.14255978543
12.696711540222	928.97990679424
12.801643371582	922.27991216578
12.906575202942	915.52838082931
13.011506080627	908.40433927821
13.116437911987	900.93031056194
13.221369743347	893.13558739820
13.326300621033	885.25378935532
13.431232452393	876.48710430083
13.536164283752	866.95476499073
13.641095161438	857.10253462093
13.746026992798	847.35951263715
13.850958824158	837.51014578851
13.955889701843	827.42460438711
14.060821533203	816.64233784224
14.165753364563	805.28071995671
14.270684242249	793.15407332725
14.375616073608	781.03792598856
14.480547904968	768.91944132086
14.585478782654	756.63982746617
14.690410614014	744.06500583208
14.795342445374	731.14925072228
14.900273323059	717.95350764151
15.005205154419	704.60790124294
15.110136032104	691.16498525181
15.215067863464	677.61179538579
15.319999694824	663.91872023352
15.424930572510	650.65060853178
15.529862403870	637.24683477877
15.634794235229	623.68811171199
15.739725112915	608.42548447255
15.844656944275	593.07894948859
15.949588775635	577.66847814709
16.054519653320	562.28196583052
16.159452438354	546.90553713602
16.264383316040	531.47801816395
16.369314193726	516.03658395372
16.474246978760	500.68404027146
16.579177856445	485.31808886846
16.684108734131	469.86545654370
16.789039611816	454.53792411629
16.893972396851	439.13980753117
16.998903274536	423.18690413412
17.103834152222	406.44852917395
17.208766937256	389.61358997865
17.313697814941	372.69143913800
17.418628692627	355.70857482824
17.523561477661	338.85598549593
17.628492355347	321.91597116030
17.733423233032	304.88828237349
17.838356018066	287.78322140443
17.943286895752	270.95780801670
18.048217773438	254.23453178003
18.153150558472	237.57380694241
18.258081436157	220.50154560354
18.363012313843	202.85630219208
18.467945098877	185.17345505460
18.572875976562	167.45354767460
18.677806854248	149.69631492292
18.782739639282	131.90449405286
18.887670516968	114.04616113966
18.992601394653	95.980997157769
19.097534179688	77.709182570769
19.202465057373	59.232972400907
19.307395935059	40.557355000792
19.412328720093	21.707157276144
19.517259597778	7.2980875837775
19.622190475464	4.0399377923894
19.727123260498	2.6708840707828
19.832054138184	2.0270185429633
19.936985015869	1.9318389352435
20.041917800903	1.9623675310912
20.146848678589	1.9170804346460
20.251779556274	0.0000000000000
20.356712341309	0.0000000000000
20.461643218994	0.0000000000000
20.566574096680	0.0000000000000
20.671506881714	0.0000000000000
20.776437759399	0.0000000000000
20.881368637085	0.0000000000000
20.986301422119	0.0000000000000
21.091232299805	0.0000000000000
21.196163177490	0.0000000000000
21.301095962524	0.0000000000000
21.406026840210	0.0000000000000
21.510957717896	0.0000000000000
21.615890502930	0.0000000000000
21.720821380615	0.0000000000000
21.825752258301	0.0000000000000
21.930685043335	0.0000000000000
22.035615921021	0.0000000000000
22.140546798706	0.0000000000000
22.245479583740	0.0000000000000
22.350410461426	0.0000000000000
22.455341339111	0.0000000000000
22.560274124146	0.0000000000000
22.665205001831	0.0000000000000
22.770135879517	0.0000000000000
22.875068664551	0.0000000000000
22.979999542236	0.0000000000000
#Parameters = {L=6; Pin=1; a=20; b=10; blendFmax=0.02; blendradius=2.85; blendraduis=2.8456603219661; d=5; phi=495; realphi=135; s=4; ta=16.03; tb=10.61; theta=3; totaltime=10; trh=1.69; wr=11.49; wt=0.91}
#"Length / mm"	"axis_e-field (f=8) (1) (realphi=135) [Real Part]"
#----------------------------------------------------------------
0.0000000000000	1.4450444894948
0.11724472045898	25.777420864371
0.23448944091797	50.116546945371
0.35173511505127	74.466974919164
0.46897983551025	98.828274327027
0.58622455596924	123.20063389419
0.70346927642822	147.56977206538
0.82071399688721	171.64885763442
0.93795871734619	195.38881695437
1.0552043914795	218.83913651807
1.1724491119385	241.99939907666
1.2896938323975	264.80784369818
1.4069385528564	286.85948110514
1.5241832733154	307.86065201348
1.6414279937744	328.17528849845
1.7586736679077	347.96760150509
1.8759183883667	367.23728367709
1.9931631088257	385.84741663036
2.1104078292847	402.95152985073
2.2276535034180	418.44777758485
2.3448982238770	432.72897018448
2.4621429443359	446.34530917033
2.5793876647949	459.29686830295
2.6966323852539	471.44487696232
2.8138771057129	480.86703883383
2.9311218261719	490.71255973953
3.0483675003052	505.79784835414
3.1656122207642	520.44844520027
3.2828569412231	537.59831661107
3.4001016616821	529.84407133267
3.5173468589783	481.11178194919
3.6345915794373	418.45210840993
3.7518367767334	311.01452424518
3.8690814971924	209.11037868939
3.9863262176514	132.51770368118
4.1035714149475	132.78320375675
4.2208161354065	149.99084059913
4.3380608558655	169.84192721143
4.4553060531616	190.33860379550
4.5725507736206	210.55569804349
4.6897954940796	230.49698895317
4.8070406913757	250.97454198734
4.9242854118347	271.50217231800
5.0415301322937	291.76969720926
5.1587753295898	311.92218813619
5.2760200500488	331.85165745113
5.3932652473450	351.44340120485
5.5105099678040	371.11242607232
5.6277546882629	390.70604865807
5.7449998855591	410.15663656874
5.8622446060181	429.13927238610
5.9794893264771	447.97797276500
6.0967345237732	466.71428367281
6.2139792442322	485.31445781576
6.3312239646912	503.72581425098
6.4484691619873	522.35885701763
6.5657138824463	540.88628855096
6.6829586029053	559.03150683694
6.8002038002014	576.40754675865
6.9174485206604	592.99159009124
7.0346937179565	609.48806510580
7.1519384384155	625.92672389784
7.2691831588745	642.41957687469
7.3864283561707	658.72987736835
7.5036730766296	674.77339374713
7.6209177970886	690.61636670607
7.7381629943848	706.37941859994
7.8554077148438	722.04722095925
7.9726524353027	736.68949914464
8.0898971557617	751.13887027652
8.2071428298950	765.53135703184
8.3243875503540	779.50330928060
8.4416322708130	792.94288657791
8.5588769912720	806.12378098363
8.6761217117310	819.04605080696
8.7933664321899	831.09538254294
8.9106121063232	842.50452503282
9.0278568267822	853.68305708443
9.1451015472412	864.55305853580
9.2623462677002	875.11440397698
9.3795909881592	885.36723483535
9.4968366622925	895.31171440890
9.6140813827515	903.82886149353
9.7313261032104	911.80976366673
9.8485708236694	919.45890670052
9.9658155441284	926.78153728484
10.083060264587	933.77758298150
10.200305938721	940.44710784565
10.317550659180	946.37769425342
10.434795379639	950.63663530339
10.552040100098	954.55508523392
10.669284820557	958.14940571564
10.786530494690	961.41979195106
10.903775215149	964.36607693354
11.021019935608	966.95227532870
11.138264656067	968.31238254529
11.255509376526	968.43589911598
11.372754096985	968.23617873767
11.489999771118	967.71495063893
11.607244491577	966.84514267769
11.724489212036	965.59989027065
11.841733932495	964.03131762802
11.958978652954	960.86559822284
12.076224327087	956.87089819639
12.193469047546	952.55665515975
12.310713768005	947.92280989962
12.427958488464	942.96924766827
12.545203208923	937.69622568496
12.662447929382	932.02582606391
12.779693603516	924.66273648784
12.896938323975	916.99339196229
13.014183044434	909.01280249138
13.131427764893	900.72078791019
13.248672485352	892.11766356006
13.365917205811	883.15608359664
13.483162879944	872.80556867805
13.600407600403	862.32866356487
13.717652320862	851.54867875620
13.834897041321	840.46575373320
13.952141761780	829.07998056512
14.069387435913	817.39109909470
14.186632156372	804.97271891506
14.303876876831	791.87322666655
14.421121597290	778.51037268332
14.538366317749	764.75737460389
14.655611038208	751.03079726124
14.772856712341	736.85138879850
14.890101432800	722.36987786024
15.007346153259	707.65217087437
15.124590873718	692.72327412984
15.241835594177	677.92757814552
15.359081268311	663.02002011905
15.476325988770	647.92602206060
15.593570709229	632.27720621506
15.710815429688	616.18463298569
15.828060150146	599.41564834264
15.945304870605	582.65173027293
16.062549591064	565.74892491798
16.179794311523	548.72920709835
16.297039031982	531.59922170872
16.414285659790	514.35995513724
16.531530380249	497.05489769174
16.648775100708	479.92345368263
16.766019821167	462.66491503160
16.883264541626	444.95396247178
17.000509262085	426.76507051629
17.117753982544	408.23098544182
17.234998703003	389.59679707326
17.352243423462	371.06870704189
17.469488143921	352.45912429895
17.586732864380	333.76498077543
17.703979492188	314.79424153623
17.821224212646	295.71374818144
17.938468933105	276.54106126016
18.055713653564	257.73997660868
18.172958374023	238.90715501494
18.290203094482	220.42487786414
18.407447814941	203.68909373230
18.524692535400	186.23112893144
18.641937255859	168.52261666380
18.759181976318	148.97435393345
18.876426696777	130.80403862123
18.993673324585	147.14171303821
19.110918045044	232.52423295665
19.228162765503	330.43990373996
19.345407485962	433.10003865555
19.462652206421	486.19748582173
19.579896926880	530.75624324245
19.697141647339	530.04440423304
19.814386367798	508.45343397885
19.931631088257	490.02327079897
20.048875808716	471.80680112098
20.166120529175	460.02036753560
20.283367156982	450.45486112015
20.400611877441	438.51392125551
20.517856597900	425.87803513427
20.635101318359	412.63798718734
20.752346038818	398.79350770272
20.869590759277	383.77675513909
20.986835479736	367.48167655083
21.104080200195	349.68917806681
21.221324920654	331.38064039029
21.338569641113	312.55593692017
21.455814361572	293.21497947109
21.573060989380	273.17973487648
21.690305709839	252.18315741051
21.807550430298	230.33399367488
21.924795150757	208.25346938465
22.042039871216	185.94158594033
22.159284591675	163.39834742889
22.276529312134	140.53261084293
22.393774032593	117.33909534194
22.511018753052	94.132759557688
22.628263473511	70.934812253767
22.745508193970	47.745315168418
22.862754821777	24.563877861042
22.979999542236	1.3880422344209
#Parameters = {L=6; Pin=1; a=20; b=10; blendFmax=0.02; blendradius=2.85; blendraduis=2.8456603219661; d=5; phi=540; realphi=180; s=4; ta=16.03; tb=10.61; theta=3; totaltime=10; trh=1.69; wr=11.49; wt=0.91}
#"Length / mm"	"axis_e-field (f=8) (1) (realphi=180) [Real Part]"
#----------------------------------------------------------------
0.0000000000000	0.21007571816925
0.10123348236084	31.510362676261
0.20246696472168	63.206790388726
0.30370044708252	94.883158852373
0.40493392944336	126.53942329822
0.50616741180420	158.17564349428
0.60740089416504	189.79182668457
0.70863437652588	221.38795740478
0.80986785888672	252.96419858825
0.91110134124756	284.02798789608
1.0123348236084	314.42378802028
1.1135683059692	344.40362870635
1.2148017883301	373.96744924052
1.3160352706909	403.11534130028
1.4172687530518	431.62830859314
1.5185022354126	459.22940409733
1.6197357177734	486.20506043163
1.7209692001343	512.55525042477
1.8222026824951	537.12230740172
1.9234361648560	560.70544693232
2.0246696472168	583.56587711840
2.1259031295776	605.70361229975
2.2271366119385	627.06180810464
2.3283700942993	647.63902046619
2.4296035766602	666.92390179985
2.5308370590210	683.48119223584
2.6320705413818	698.84580851151
2.7333040237427	712.99267309756
2.8345375061035	725.92547950295
2.9357709884644	737.82860720555
3.0370044708252	746.85743576722
3.1382379531860	773.28371519168
3.2394714355469	795.13145517177
3.3407049179077	799.17349112947
3.4419384002686	785.47514474522
3.5431718826294	663.08826618678
3.6444053649902	510.71935693862
3.7456388473511	379.55177452262
3.8468723297119	271.57724361903
3.9481058120728	224.28756519722
4.0493388175964	218.58191878072
4.1505722999573	211.48710507220
4.2518057823181	204.53712485689
4.3530392646790	201.01389407747
4.4542727470398	201.83601620848
4.5555062294006	208.09288708496
4.6567397117615	223.60773139396
4.7579731941223	239.64265302171
4.8592066764832	255.87813072417
4.9604401588440	272.17495122672
5.0616736412048	288.47977289361
5.1629071235657	304.85245479178
5.2641406059265	321.26772739055
5.3653740882874	337.79238210620
5.4666075706482	354.15063677191
5.5678410530090	370.20647794404
5.6690745353699	386.16606051959
5.7703080177307	402.24348725316
5.8715415000916	418.19865136168
5.9727749824524	434.02990110074
6.0740084648132	449.73589279210
6.1752419471741	465.44969380395
6.2764754295349	481.17281629238
6.3777089118958	496.61033454880
6.4789423942566	511.75489514305
6.5801758766174	526.80331461656
6.6814093589783	541.97247518289
6.7826428413391	557.00370083507
6.8838763237000	571.72479202182
6.9851098060608	585.75875590724
7.0863432884216	599.66205227220
7.1875767707825	613.43413297642
7.2888102531433	627.07191842248
7.3900437355042	640.57858002284
7.4912772178650	653.97424120889
7.5925107002258	667.52100017375
7.6937441825867	680.90015254666
7.7949776649475	694.11299138261
7.8962111473083	707.15940956786
7.9974446296692	720.28982875245
8.0986776351929	732.58761264088
8.1999111175537	744.10123285837
8.3011445999146	755.36035752819
8.4023780822754	766.62436898911
8.5036115646362	777.85861132465
8.6048450469971	788.98375468722
8.7060785293579	800.04420293852
8.8073120117188	810.63109297446
8.9085454940796	820.87213403526
9.0097789764404	830.97797568550
9.1110124588013	839.96190560653
9.2122459411621	849.52510203054
9.3134794235229	858.81671111228
9.4147129058838	867.92263666751
9.5159463882446	876.68034959805
9.6171798706055	884.47849765054
9.7184133529663	892.09195090046
9.8196468353271	898.91008067569
9.9208803176880	905.52640419248
10.022113800049	911.94091247801
10.123347282410	918.15354607312
10.224580764771	923.93323016758
10.325814247131	929.08811208557
10.427047729492	933.85899533040
10.528281211853	937.80805912689
10.629514694214	941.51585816607
10.730748176575	944.98253932530
10.831981658936	948.20776512344
10.933215141296	951.19162605086
11.034448623657	953.93427743440
11.135682106018	956.14883091410
11.236915588379	957.09147882032
11.338149070740	957.20687194534
11.439382553101	957.05851470113
11.540616035461	956.65771236363
11.641849517822	956.00480948321
11.743083000183	955.09967183497
11.844316482544	953.94266436331
11.945549964905	952.16203953840
12.046783447266	949.97672855379
12.148016929626	947.56158154674
12.249250411987	944.91634303126
12.350483894348	942.00041155155
12.451717376709	937.86918404685
12.552950859070	933.45799789462
12.654184341431	928.65988989785
12.755417823792	923.44680472775
12.856651306152	917.98151996590
12.957884788513	912.26385677174
13.059118270874	906.29400334129
13.160351753235	900.05044596972
13.261585235596	892.86815903666
13.362818717957	885.45603233012
13.464052200317	877.60814813543
13.565285682678	868.93354399297
13.666519165039	860.00229951527
13.767752647400	850.86286784278
13.868986129761	841.51536211149
13.970219612122	831.95977981724
14.071453094482	822.19624658160
14.172686576843	812.16423052742
14.273920059204	801.53095529290
14.375153541565	790.42903373177
14.476387023926	779.11633330058
14.577620506287	767.60071469069
14.678853988647	755.88208925080
14.780087471008	743.96026372612
14.881320953369	732.01794776407
14.982554435730	719.94733669294
15.083787918091	707.46418673200
15.185021400452	694.84665017319
15.286254882812	681.86583620410
15.387488365173	668.46718667628
15.488721847534	654.97774314032
15.589955329895	641.37682460705
15.691188812256	627.51463870024
15.792422294617	613.45145861557
15.893655776978	599.57409153893
15.994889259338	585.55147922355
16.096122741699	571.35461470095
16.197355270386	556.98333406159
16.298589706421	542.47903813648
16.399822235107	527.73365976963
16.501056671143	512.78076354430
16.602289199829	497.74743211452
16.703523635864	482.48170053543
16.804756164551	466.96056719907
16.905990600586	451.21688855895
17.007223129272	435.34529500593
17.108457565308	419.34966671553
17.209690093994	403.52861480484
17.310924530029	387.40638503667
17.412157058716	370.98711131827
17.513391494751	354.49941849779
17.614624023438	337.94220092819
17.715858459473	321.32780711263
17.817090988159	304.78892011054
17.918325424194	288.31282537187
18.019557952881	271.90439156590
18.120792388916	255.60780261267
18.222024917603	239.46604655875
18.323259353638	223.52556320961
18.424491882324	207.94186530225
18.525726318359	198.76332609983
18.626958847046	198.82421534985
18.728193283081	204.19511384026
18.829425811768	214.06935667124
18.930660247803	226.85400889035
19.031892776489	240.64224494554
19.133127212524	254.40540880061
19.234359741211	309.12059158621
19.335594177246	380.42850857402
19.436826705933	454.48386425727
19.538061141968	528.28829584685
19.639293670654	591.56956008957
19.740528106689	656.01769211250
19.841760635376	721.52032390146
19.942995071411	727.90604207656
20.044227600098	723.78518693892
20.145462036133	717.13064231530
20.246694564819	707.29296153481
20.347929000854	695.07514537209
20.449161529541	680.52517719432
20.550395965576	663.64125222933
20.651628494263	644.38845620014
20.752862930298	623.98414328305
20.854095458984	602.79837381063
20.955329895020	580.80774483090
21.056562423706	558.09151632807
21.157796859741	534.64876157304
21.259029388428	510.48024114260
21.360263824463	483.84489164212
21.461496353149	456.68553575567
21.562730789185	429.04937563958
21.663963317871	400.93189655537
21.765197753906	372.33007519956
21.866430282593	343.16336941771
21.967664718628	313.44345549459
22.068897247314	282.72072941892
22.170131683350	251.71794411065
22.271364212036	220.46936477211
22.372598648071	189.03874062901
22.473831176758	157.50387861862
22.575065612793	125.80259654128
22.676298141479	94.176409109781
22.777532577515	62.626321634173
22.878765106201	31.153263118795
22.979999542236	0.0000000000000
